{
  "columns": [
    "mw_freebase",
    "alogp",
    "psa",
    "hba",
    "hbd",
    "aromatic_rings",
    "rtb",
    "num_ro5_violations",
    "pchembl_value",
    "standard_value"
  ],
  "matrix": [
    [
      1.0,
      0.8865,
      -0.1313,
      0.3364,
      -0.3119,
      0.7619,
      0.7277,
      -0.0019,
      0.4328,
      -0.1115
    ],
    [
      0.8865,
      1.0,
      -0.452,
      -0.0311,
      -0.4585,
      0.7069,
      0.6071,
      -0.0845,
      0.4153,
      -0.0691
    ],
    [
      -0.1313,
      -0.452,
      1.0,
      0.6351,
      0.6583,
      -0.1116,
      0.005,
      0.1207,
      -0.2078,
      -0.0377
    ],
    [
      0.3364,
      -0.0311,
      0.6351,
      1.0,
      0.0679,
      0.3641,
      0.2368,
      0.0754,
      -0.0396,
      -0.0645
    ],
    [
      -0.3119,
      -0.4585,
      0.6583,
      0.0679,
      1.0,
      -0.4094,
      -0.0757,
      0.1506,
      -0.1627,
      0.006
    ],
    [
      0.7619,
      0.7069,
      -0.1116,
      0.3641,
      -0.4094,
      1.0,
      0.2513,
      -0.0439,
      0.2366,
      -0.0616
    ],
    [
      0.7277,
      0.6071,
      0.005,
      0.2368,
      -0.0757,
      0.2513,
      1.0,
      -0.0184,
      0.3789,
      -0.0979
    ],
    [
      -0.0019,
      -0.0845,
      0.1207,
      0.0754,
      0.1506,
      -0.0439,
      -0.0184,
      1.0,
      -0.0307,
      0.0015
    ],
    [
      0.4328,
      0.4153,
      -0.2078,
      -0.0396,
      -0.1627,
      0.2366,
      0.3789,
      -0.0307,
      1.0,
      -0.2102
    ],
    [
      -0.1115,
      -0.0691,
      -0.0377,
      -0.0645,
      0.006,
      -0.0616,
      -0.0979,
      0.0015,
      -0.2102,
      1.0
    ]
  ]
}