{
  "columns": [
    "mw_freebase",
    "alogp",
    "psa",
    "hba",
    "hbd",
    "aromatic_rings",
    "rtb",
    "num_ro5_violations",
    "pchembl_median"
  ],
  "matrix": [
    [
      1.0,
      0.5562,
      0.37,
      0.6376,
      -0.0092,
      0.6357,
      0.6109,
      0.1107,
      0.1846
    ],
    [
      0.5562,
      1.0,
      -0.4337,
      -0.1221,
      -0.6312,
      0.5936,
      0.1686,
      -0.2591,
      0.1256
    ],
    [
      0.37,
      -0.4337,
      1.0,
      0.7462,
      0.7389,
      -0.0029,
      0.5134,
      0.2923,
      0.0304
    ],
    [
      0.6376,
      -0.1221,
      0.7462,
      1.0,
      0.341,
      0.2914,
      0.6012,
      0.2212,
      0.1494
    ],
    [
      -0.0092,
      -0.6312,
      0.7389,
      0.341,
      1.0,
      -0.2295,
      0.1073,
      0.3961,
      -0.1414
    ],
    [
      0.6357,
      0.5936,
      -0.0029,
      0.2914,
      -0.2295,
      1.0,
      0.0746,
      -0.0741,
      0.1894
    ],
    [
      0.6109,
      0.1686,
      0.5134,
      0.6012,
      0.1073,
      0.0746,
      1.0,
      -0.0034,
      0.1325
    ],
    [
      0.1107,
      -0.2591,
      0.2923,
      0.2212,
      0.3961,
      -0.0741,
      -0.0034,
      1.0,
      -0.0908
    ],
    [
      0.1846,
      0.1256,
      0.0304,
      0.1494,
      -0.1414,
      0.1894,
      0.1325,
      -0.0908,
      1.0
    ]
  ],
  "pearson": [
    [
      1.0,
      0.5562,
      0.37,
      0.6376,
      -0.0092,
      0.6357,
      0.6109,
      0.1107,
      0.1846
    ],
    [
      0.5562,
      1.0,
      -0.4337,
      -0.1221,
      -0.6312,
      0.5936,
      0.1686,
      -0.2591,
      0.1256
    ],
    [
      0.37,
      -0.4337,
      1.0,
      0.7462,
      0.7389,
      -0.0029,
      0.5134,
      0.2923,
      0.0304
    ],
    [
      0.6376,
      -0.1221,
      0.7462,
      1.0,
      0.341,
      0.2914,
      0.6012,
      0.2212,
      0.1494
    ],
    [
      -0.0092,
      -0.6312,
      0.7389,
      0.341,
      1.0,
      -0.2295,
      0.1073,
      0.3961,
      -0.1414
    ],
    [
      0.6357,
      0.5936,
      -0.0029,
      0.2914,
      -0.2295,
      1.0,
      0.0746,
      -0.0741,
      0.1894
    ],
    [
      0.6109,
      0.1686,
      0.5134,
      0.6012,
      0.1073,
      0.0746,
      1.0,
      -0.0034,
      0.1325
    ],
    [
      0.1107,
      -0.2591,
      0.2923,
      0.2212,
      0.3961,
      -0.0741,
      -0.0034,
      1.0,
      -0.0908
    ],
    [
      0.1846,
      0.1256,
      0.0304,
      0.1494,
      -0.1414,
      0.1894,
      0.1325,
      -0.0908,
      1.0
    ]
  ],
  "spearman": [
    [
      1.0,
      0.4793,
      0.4063,
      0.6668,
      0.0243,
      0.5909,
      0.5915,
      0.1101,
      0.1307
    ],
    [
      0.4793,
      1.0,
      -0.4314,
      -0.1064,
      -0.6161,
      0.6414,
      0.0724,
      -0.1667,
      0.1887
    ],
    [
      0.4063,
      -0.4314,
      1.0,
      0.7585,
      0.7533,
      -0.0575,
      0.5638,
      0.1668,
      0.0141
    ],
    [
      0.6668,
      -0.1064,
      0.7585,
      1.0,
      0.4285,
      0.2549,
      0.6331,
      0.1579,
      0.1194
    ],
    [
      0.0243,
      -0.6161,
      0.7533,
      0.4285,
      1.0,
      -0.2317,
      0.2367,
      0.1715,
      -0.1263
    ],
    [
      0.5909,
      0.6414,
      -0.0575,
      0.2549,
      -0.2317,
      1.0,
      0.0792,
      -0.083,
      0.2076
    ],
    [
      0.5915,
      0.0724,
      0.5638,
      0.6331,
      0.2367,
      0.0792,
      1.0,
      0.0321,
      0.0997
    ],
    [
      0.1101,
      -0.1667,
      0.1668,
      0.1579,
      0.1715,
      -0.083,
      0.0321,
      1.0,
      -0.1384
    ],
    [
      0.1307,
      0.1887,
      0.0141,
      0.1194,
      -0.1263,
      0.2076,
      0.0997,
      -0.1384,
      1.0
    ]
  ]
}