{
  "columns": [
    "mw_freebase",
    "alogp",
    "psa",
    "hba",
    "hbd",
    "aromatic_rings",
    "rtb",
    "num_ro5_violations"
  ],
  "matrix": [
    [
      1.0,
      0.5356,
      0.3937,
      0.6047,
      0.079,
      0.6242,
      0.6655,
      0.4937
    ],
    [
      0.5356,
      1.0,
      -0.444,
      -0.1475,
      -0.6306,
      0.578,
      0.2523,
      0.2682
    ],
    [
      0.3937,
      -0.444,
      1.0,
      0.7664,
      0.8038,
      0.0053,
      0.4891,
      0.1577
    ],
    [
      0.6047,
      -0.1475,
      0.7664,
      1.0,
      0.4424,
      0.2998,
      0.5834,
      0.1619
    ],
    [
      0.079,
      -0.6306,
      0.8038,
      0.4424,
      1.0,
      -0.2046,
      0.1532,
      0.0745
    ],
    [
      0.6242,
      0.578,
      0.0053,
      0.2998,
      -0.2046,
      1.0,
      0.166,
      0.1724
    ],
    [
      0.6655,
      0.2523,
      0.4891,
      0.5834,
      0.1532,
      0.166,
      1.0,
      0.266
    ],
    [
      0.4937,
      0.2682,
      0.1577,
      0.1619,
      0.0745,
      0.1724,
      0.266,
      1.0
    ]
  ],
  "pearson": [
    [
      1.0,
      0.5356,
      0.3937,
      0.6047,
      0.079,
      0.6242,
      0.6655,
      0.4937
    ],
    [
      0.5356,
      1.0,
      -0.444,
      -0.1475,
      -0.6306,
      0.578,
      0.2523,
      0.2682
    ],
    [
      0.3937,
      -0.444,
      1.0,
      0.7664,
      0.8038,
      0.0053,
      0.4891,
      0.1577
    ],
    [
      0.6047,
      -0.1475,
      0.7664,
      1.0,
      0.4424,
      0.2998,
      0.5834,
      0.1619
    ],
    [
      0.079,
      -0.6306,
      0.8038,
      0.4424,
      1.0,
      -0.2046,
      0.1532,
      0.0745
    ],
    [
      0.6242,
      0.578,
      0.0053,
      0.2998,
      -0.2046,
      1.0,
      0.166,
      0.1724
    ],
    [
      0.6655,
      0.2523,
      0.4891,
      0.5834,
      0.1532,
      0.166,
      1.0,
      0.266
    ],
    [
      0.4937,
      0.2682,
      0.1577,
      0.1619,
      0.0745,
      0.1724,
      0.266,
      1.0
    ]
  ],
  "spearman": [
    [
      1.0,
      0.374,
      0.4452,
      0.7184,
      0.0833,
      0.5854,
      0.6928,
      0.3074
    ],
    [
      0.374,
      1.0,
      -0.4713,
      -0.144,
      -0.6284,
      0.5694,
      0.1438,
      0.1047
    ],
    [
      0.4452,
      -0.4713,
      1.0,
      0.7544,
      0.7838,
      -0.0316,
      0.5254,
      0.157
    ],
    [
      0.7184,
      -0.144,
      0.7544,
      1.0,
      0.4224,
      0.2521,
      0.6617,
      0.2107
    ],
    [
      0.0833,
      -0.6284,
      0.7838,
      0.4224,
      1.0,
      -0.2231,
      0.1942,
      0.0148
    ],
    [
      0.5854,
      0.5694,
      -0.0316,
      0.2521,
      -0.2231,
      1.0,
      0.1513,
      0.1373
    ],
    [
      0.6928,
      0.1438,
      0.5254,
      0.6617,
      0.1942,
      0.1513,
      1.0,
      0.231
    ],
    [
      0.3074,
      0.1047,
      0.157,
      0.2107,
      0.0148,
      0.1373,
      0.231,
      1.0
    ]
  ]
}