{
  "columns": [
    "mw_freebase",
    "alogp",
    "psa",
    "hba",
    "hbd",
    "aromatic_rings",
    "rtb",
    "num_ro5_violations"
  ],
  "matrix": [
    [
      1.0,
      0.4699,
      0.4671,
      0.6384,
      0.1939,
      0.553,
      0.6358,
      0.4613
    ],
    [
      0.4699,
      1.0,
      -0.4259,
      -0.1785,
      -0.5748,
      0.4784,
      0.1909,
      0.1936
    ],
    [
      0.4671,
      -0.4259,
      1.0,
      0.7845,
      0.8068,
      0.0583,
      0.5339,
      0.2421
    ],
    [
      0.6384,
      -0.1785,
      0.7845,
      1.0,
      0.4773,
      0.3088,
      0.5754,
      0.208
    ],
    [
      0.1939,
      -0.5748,
      0.8068,
      0.4773,
      1.0,
      -0.1296,
      0.2331,
      0.2462
    ],
    [
      0.553,
      0.4784,
      0.0583,
      0.3088,
      -0.1296,
      1.0,
      0.0529,
      0.0059
    ],
    [
      0.6358,
      0.1909,
      0.5339,
      0.5754,
      0.2331,
      0.0529,
      1.0,
      0.2893
    ],
    [
      0.4613,
      0.1936,
      0.2421,
      0.208,
      0.2462,
      0.0059,
      0.2893,
      1.0
    ]
  ],
  "pearson": [
    [
      1.0,
      0.4699,
      0.4671,
      0.6384,
      0.1939,
      0.553,
      0.6358,
      0.4613
    ],
    [
      0.4699,
      1.0,
      -0.4259,
      -0.1785,
      -0.5748,
      0.4784,
      0.1909,
      0.1936
    ],
    [
      0.4671,
      -0.4259,
      1.0,
      0.7845,
      0.8068,
      0.0583,
      0.5339,
      0.2421
    ],
    [
      0.6384,
      -0.1785,
      0.7845,
      1.0,
      0.4773,
      0.3088,
      0.5754,
      0.208
    ],
    [
      0.1939,
      -0.5748,
      0.8068,
      0.4773,
      1.0,
      -0.1296,
      0.2331,
      0.2462
    ],
    [
      0.553,
      0.4784,
      0.0583,
      0.3088,
      -0.1296,
      1.0,
      0.0529,
      0.0059
    ],
    [
      0.6358,
      0.1909,
      0.5339,
      0.5754,
      0.2331,
      0.0529,
      1.0,
      0.2893
    ],
    [
      0.4613,
      0.1936,
      0.2421,
      0.208,
      0.2462,
      0.0059,
      0.2893,
      1.0
    ]
  ],
  "spearman": [
    [
      1.0,
      0.3261,
      0.4997,
      0.7346,
      0.1818,
      0.5546,
      0.652,
      0.2456
    ],
    [
      0.3261,
      1.0,
      -0.4566,
      -0.1801,
      -0.5891,
      0.5291,
      0.0532,
      -0.0073
    ],
    [
      0.4997,
      -0.4566,
      1.0,
      0.7741,
      0.7985,
      0.0184,
      0.5697,
      0.2344
    ],
    [
      0.7346,
      -0.1801,
      0.7741,
      1.0,
      0.479,
      0.2587,
      0.6378,
      0.2032
    ],
    [
      0.1818,
      -0.5891,
      0.7985,
      0.479,
      1.0,
      -0.1371,
      0.3007,
      0.2045
    ],
    [
      0.5546,
      0.5291,
      0.0184,
      0.2587,
      -0.1371,
      1.0,
      0.0673,
      0.0054
    ],
    [
      0.652,
      0.0532,
      0.5697,
      0.6378,
      0.3007,
      0.0673,
      1.0,
      0.1781
    ],
    [
      0.2456,
      -0.0073,
      0.2344,
      0.2032,
      0.2045,
      0.0054,
      0.1781,
      1.0
    ]
  ]
}