{
  "columns": [
    "mw_freebase",
    "alogp",
    "psa",
    "hba",
    "hbd",
    "aromatic_rings",
    "heavy_atoms",
    "rtb",
    "num_ro5_violations",
    "pchembl_value",
    "standard_value"
  ],
  "matrix": [
    [
      1.0,
      0.8836,
      -0.1015,
      0.2984,
      -0.2635,
      0.7545,
      0.9909,
      0.7495,
      -0.0036,
      0.4951,
      -0.1114
    ],
    [
      0.8836,
      1.0,
      -0.4066,
      -0.0931,
      -0.3543,
      0.6648,
      0.8713,
      0.6631,
      -0.0754,
      0.4978,
      -0.0738
    ],
    [
      -0.1015,
      -0.4066,
      1.0,
      0.6344,
      0.6202,
      -0.0539,
      -0.1055,
      -0.0,
      0.1121,
      -0.2375,
      -0.0293
    ],
    [
      0.2984,
      -0.0931,
      0.6344,
      1.0,
      0.0086,
      0.3916,
      0.2983,
      0.1499,
      0.0654,
      -0.0944,
      -0.0545
    ],
    [
      -0.2635,
      -0.3543,
      0.6202,
      0.0086,
      1.0,
      -0.3992,
      -0.2703,
      0.0031,
      0.1447,
      -0.1385,
      0.0091
    ],
    [
      0.7545,
      0.6648,
      -0.0539,
      0.3916,
      -0.3992,
      1.0,
      0.7922,
      0.256,
      -0.0426,
      0.2496,
      -0.0658
    ],
    [
      0.9909,
      0.8713,
      -0.1055,
      0.2983,
      -0.2703,
      0.7922,
      1.0,
      0.7313,
      -0.0096,
      0.5022,
      -0.1079
    ],
    [
      0.7495,
      0.6631,
      -0.0,
      0.1499,
      0.0031,
      0.256,
      0.7313,
      1.0,
      -0.0166,
      0.453,
      -0.0948
    ],
    [
      -0.0036,
      -0.0754,
      0.1121,
      0.0654,
      0.1447,
      -0.0426,
      -0.0096,
      -0.0166,
      1.0,
      -0.0292,
      0.002
    ],
    [
      0.4951,
      0.4978,
      -0.2375,
      -0.0944,
      -0.1385,
      0.2496,
      0.5022,
      0.453,
      -0.0292,
      1.0,
      -0.1978
    ],
    [
      -0.1114,
      -0.0738,
      -0.0293,
      -0.0545,
      0.0091,
      -0.0658,
      -0.1079,
      -0.0948,
      0.002,
      -0.1978,
      1.0
    ]
  ]
}